[Sem título-19.jpg]
filters=warm=1;sat=1,0.192982;finetune2=1,0.040936,0.053333,0.008421,00000000,0.000000;
moddate=6376316b64bdd001
width=4488
height=2182
textactive=0
